FI 82.0 88.3 76.1 31.8 90.8
DK 81.6 90.1 73.9 45.8 83.3
SE 78.6 91.2 67.7 38.1 77.6
UK 76.6 79.7 73.7 42.4 84.2
AT 73.9 79.0 69.1 39.9 78.9
NL 73.1 77.6 68.8 36.9 79.5
DE 72.5 76.7 68.6 40.1 78.0
CZ 71.6 77.3 66.4 25.9 79.9
IE 71.0 73.9 68.1 36.6 78.6
SI 69.1 82.7 57.7 27.7 67.7
CY 68.7 84.9 55.6 49.1 57.8
FR 67.0 76.1 59.1 43.2 64.4
BE 66.4 70.7 62.3 41.2 69.4
LU 66.4 70.3 62.7 53.0 65.9
PT 66.2 85.6 51.1 28.6 58.6
EE 64.6 84.9 49.2 24.7 57.3
PL 61.4 73.4 51.3 25.2 60.0
ES 61.3 71.6 52.5 43.0 55.6
LT 61.0 81.9 45.4 30.9 50.3
SK 61.0 75.3 49.3 22.3 58.3
IT 60.6 57.8 63.4 35.8 72.7
RO 60.4 74.5 49.0 20.9 58.3
EL 59.7 65.4 54.4 44.0 57.9
HU 55.9 68.3 45.7 31.9 50.3
MT 55.0 53.0 57.0 45.5 60.9
LV 54.9 83.2 36.2 22.7 40.7
BG 49.9 75.5 33.0 25.4 35.5
EU-27 69.0 76.6 62.2 37.0 70.7
